0 4347 3893 4347 3935 4452 3935 4452 3893
0 6248 4675 6248 4694 6261 4694 6261 4675
0 5886 5025 5886 5124 5955 5124 5955 5025
0 6437 4986 6437 4999 6456 4999 6456 4986
0 23929 4660 23929 4676 23947 4676 23947 4660
0 6318 5438 6318 5614 6403 5614 6403 5438
0 5958 5131 5958 5212 6049 5212 6049 5131
0 6506 5149 6506 5161 6524 5161 6524 5149
0 6412 5573 6412 5656 6482 5656 6482 5573
0 25963 6309 25963 6367 26043 6367 26043 6309
0 18589 8475 18589 8484 18616 8484 18616 8475
0 19033 8496 19033 8508 19095 8508 19095 8496
0 26236 9309 26236 9346 26263 9346 26263 9309
0 24746 9837 24746 9857 24789 9857 24789 9837
0 24646 10037 24646 10061 24684 10061 24684 10037
0 24599 10087 24599 10129 24685 10129 24685 10087
0 24752 10143 24752 10182 24778 10182 24778 10143
0 24804 10078 24804 10121 24823 10121 24823 10078
0 24736 10133 24736 10172 24762 10172 24762 10133
0 24930 10169 24930 10190 24945 10190 24945 10169
0 24992 10133 24992 10147 24998 10147 24998 10133
0 24676 10244 24676 10254 24701 10254 24701 10244
0 24710 10102 24710 10141 24731 10141 24731 10102
0 24796 10234 24796 10255 24830 10255 24830 10234
0 24705 9922 24705 9963 24758 9963 24758 9922
0 24870 9884 24870 9939 24889 9939 24889 9884
0 24991 10156 24991 10170 24997 10170 24997 10156
0 24922 9619 24922 9630 24951 9630 24951 9619
0 24720 10114 24720 10156 24745 10156 24745 10114
0 24979 10163 24979 10178 24993 10178 24993 10163
0 24940 9867 24940 9898 24950 9898 24950 9867
0 24772 9874 24772 9887 24794 9887 24794 9874
0 24769 10053 24769 10095 24790 10095 24790 10053
0 24761 9821 24761 9842 24802 9842 24802 9821
0 24869 10130 24869 10141 24878 10141 24878 10130
0 24941 9905 24941 9926 24953 9926 24953 9905
0 24999 10158 24999 10169 25025 10169 25025 10158
0 24999 10150 24999 10160 25025 10160 25025 10150
0 25006 10126 25006 10137 25029 10137 25029 10126
0 26323 9813 26323 9855 26343 9855 26343 9813
0 26340 9733 26340 9764 26352 9764 26352 9733
0 24861 10720 24861 10762 24959 10762 24959 10720
0 24848 10767 24848 10807 24928 10807 24928 10767
0 24836 10694 24836 10719 24884 10719 24884 10694
0 24838 10680 24838 10703 24883 10703 24883 10680
0 24857 10273 24857 10318 24888 10318 24888 10273
0 24938 10256 24938 10264 24950 10264 24950 10256
0 24878 10292 24878 10327 24905 10327 24905 10292
0 24943 10401 24943 10443 24964 10443 24964 10401
0 24915 10395 24915 10430 24927 10430 24927 10395
0 24871 10384 24871 10428 24890 10428 24890 10384
0 24907 10392 24907 10429 24920 10429 24920 10392
0 24762 10369 24762 10387 24781 10387 24781 10369
0 24958 10268 24958 10279 24968 10279 24968 10268
0 24991 10603 24991 10619 24997 10619 24997 10603
0 24825 10256 24825 10305 24868 10305 24868 10256
0 24823 10348 24823 10365 24837 10365 24837 10348
0 24884 10386 24884 10431 24903 10431 24903 10386
0 25558 10514 25558 10553 25613 10553 25613 10514
0 25491 10546 25491 10589 25546 10589 25546 10546
0 25504 10564 25504 10608 25555 10608 25555 10564
0 25062 10846 25062 10893 25086 10893 25086 10846
0 25477 10526 25477 10571 25535 10571 25535 10526
0 25541 10484 25541 10525 25593 10525 25593 10484
0 25075 10850 25075 10896 25098 10896 25098 10850
0 25430 10596 25430 10639 25480 10639 25480 10596
0 25614 10486 25614 10517 25638 10517 25638 10486
0 25458 10763 25458 10782 25518 10782 25518 10763
0 25441 10712 25441 10732 25500 10732 25500 10712
0 25415 10574 25415 10619 25464 10619 25464 10574
0 25271 10819 25271 10836 25320 10836 25320 10819
0 25090 10853 25090 10898 25112 10898 25112 10853
0 25450 10734 25450 10754 25500 10754 25500 10734
0 25598 10455 25598 10489 25633 10489 25633 10455
0 25113 10757 25113 10782 25186 10782 25186 10757
0 25452 10753 25452 10770 25510 10770 25510 10753
0 25275 10836 25275 10867 25347 10867 25347 10836
0 25147 10871 25147 10896 25163 10896 25163 10871
0 25163 10874 25163 10897 25179 10897 25179 10874
0 25107 10858 25107 10896 25129 10896 25129 10858
0 25128 10868 25128 10895 25145 10895 25145 10868
0 24999 10264 24999 10286 25011 10286 25011 10264
0 25011 10256 25011 10282 25027 10282 25027 10256
0 25008 10358 25008 10368 25028 10368 25028 10358
0 25039 10356 25039 10367 25048 10367 25048 10356
0 25154 10618 25154 10654 25175 10654 25175 10618
0 26209 10425 26209 10492 26246 10492 26246 10425
0 26056 10788 26056 10815 26130 10815 26130 10788
0 25841 10470 25841 10515 25889 10515 25889 10470
0 26098 10763 26098 10786 26130 10786 26130 10763
0 26054 10852 26054 10871 26098 10871 26098 10852
0 26115 10733 26115 10759 26147 10759 26147 10733
0 25640 10476 25640 10532 25681 10532 25681 10476
0 24958 11348 24958 11367 24978 11367 24978 11348
0 25076 10897 25076 10909 25100 10909 25100 10897
0 25980 10897 25980 10946 26024 10946 26024 10897
0 20717 11668 20717 11691 20763 11691 20763 11668
0 25266 11538 25266 11552 25323 11552 25323 11538
0 26281 11843 26281 11863 26295 11863 26295 11843
0 26824 14284 26824 14317 26845 14317 26845 14284
0 16808 19791 16808 19803 16854 19803 16854 19791
0 13323 21868 13323 21882 13375 21882 13375 21868
0 18161 22079 18161 22093 18203 22093 18203 22079
